******Solving classification problem with perception.**********
Data set = ass1_3_2.data, Number of iterations = 10, learning rate = 0.1, bios = 1.0, initial weights are 0s = False
-------Start calculations--------
Iteration  0
Weigths:  [[-0.37, -0.2, -0.01, 0.17, 0.5, -0.09, -0.0, 0.6], [0.06, -0.32, 0.11, -0.03, -0.34, -0.99, 0.56, -0.84], [0.72, 0.5, -0.56, 0.82, 0.86, -0.62, -0.39, 0.42]]
Correct rate: 50.0%
Iteration  1
Weigths:  [[-0.47, -0.2, -0.01, 0.07, 0.4, -0.09, -0.0, 0.5], [-0.04, -0.32, 0.11, -0.13, -0.44, -0.99, 0.56, -0.94], [0.62, 0.5, -0.56, 0.72, 0.76, -0.62, -0.39, 0.32]]
Correct rate: 50.0%
Iteration  2
Weigths:  [[-0.57, -0.2, -0.01, -0.03, 0.3, -0.09, -0.0, 0.4], [-0.14, -0.32, 0.11, -0.23, -0.54, -0.99, 0.56, -1.04], [0.52, 0.5, -0.56, 0.62, 0.66, -0.62, -0.39, 0.22]]
Correct rate: 50.0%
Iteration  3
Weigths:  [[-0.67, -0.2, -0.01, -0.13, 0.2, -0.09, -0.0, 0.3], [-0.24, -0.32, 0.11, -0.33, -0.64, -0.99, 0.56, -1.14], [0.42, 0.5, -0.56, 0.52, 0.56, -0.62, -0.39, 0.12]]
Correct rate: 50.0%
Iteration  4
Weigths:  [[-0.77, -0.2, -0.01, -0.23, 0.1, -0.09, -0.0, 0.2], [-0.34, -0.32, 0.11, -0.43, -0.74, -0.99, 0.56, -1.24], [0.32, 0.5, -0.56, 0.42, 0.46, -0.62, -0.39, 0.02]]
Correct rate: 50.0%
Iteration  5
Weigths:  [[-0.87, -0.2, -0.01, -0.33, 0.0, -0.09, -0.0, 0.1], [-0.44, -0.32, 0.11, -0.53, -0.84, -0.99, 0.56, -1.34], [0.22, 0.5, -0.56, 0.32, 0.36, -0.62, -0.39, -0.08]]
Correct rate: 50.0%
Iteration  6
Weigths:  [[-0.97, -0.2, -0.01, -0.43, -0.1, -0.09, -0.0, 0.0], [-0.54, -0.32, 0.11, -0.63, -0.94, -0.99, 0.56, -1.44], [0.12, 0.5, -0.56, 0.22, 0.26, -0.62, -0.39, -0.18]]
Correct rate: 50.0%
Iteration  7
Weigths:  [[-1.07, -0.2, -0.01, -0.43, -0.2, -0.09, -0.0, -0.1], [-0.64, -0.32, 0.11, -0.63, -1.04, -0.99, 0.56, -1.54], [0.02, 0.5, -0.56, 0.22, 0.16, -0.62, -0.39, -0.28]]
Correct rate: 62.5%
Iteration  8
Weigths:  [[-1.17, -0.2, -0.01, -0.43, -0.2, -0.09, -0.0, -0.2], [-0.74, -0.32, 0.11, -0.63, -1.04, -0.99, 0.56, -1.64], [-0.08, 0.5, -0.56, 0.22, 0.16, -0.62, -0.39, -0.38]]
Correct rate: 75.0%
Iteration  9
Weigths:  [[-1.27, -0.2, -0.01, -0.43, -0.2, -0.09, -0.0, -0.3], [-0.84, -0.32, 0.11, -0.63, -1.04, -0.99, 0.56, -1.74], [-0.18, 0.5, -0.56, 0.22, 0.16, -0.62, -0.39, -0.48]]
Correct rate: 75.0%
Filename = ass1_3_2.data, Number of iterations = 10, learning rate = 0.1, bios = 1.0, initial weights as zerous = False