H:\AICourse\assignment1\assign1_to_submit\part1>python assign-1-1-2.py wine-test 5
['assign-1-1-2.py', 'wine-test', '5']
The convergence of centroids happened on 6 iteration
Final centroids coordinates:
[[13.209999999999999, 3.7186956521739143, 2.4252173913043475, 21.456521739130434, 99.26086956521739, 1.6343478260869564, 0.7960869565217392, 0.42173913043478256, 1.0926086956521741, 7.076956521739132, 0.6852173913043478, 1.6152173913043477, 603.9130434782609], [13.820625, 1.824375, 2.5325, 17.80625, 105.5, 2.8068750000000002, 3.036875, 0.304375, 2.01875, 5.876250000000001, 1.1368750000000003, 3.0218750000000005, 1267.9375], [13.484666666666667, 2.1539999999999995, 2.3546666666666667, 17.480000000000004, 105.33333333333333, 2.768666666666667, 2.8473333333333333, 0.24666666666666667, 1.784666666666667, 4.572, 1.0353333333333332, 3.4733333333333336, 947.6666666666666], [12.249545454545455, 1.7527272727272725, 2.2636363636363637, 20.722727272727273, 90.27272727272727, 2.4990909090909095, 2.380454545454546, 0.3190909090909091, 1.7068181818181818, 3.2413636363636367, 1.0931818181818183, 3.0090909090909093, 508.1363636363636], [12.46230769230769, 2.414615384615385, 2.4107692307692314, 20.784615384615385, 92.0, 1.8746153846153841, 1.5976923076923077, 0.54, 1.2384615384615383, 3.351538461538461, 0.9707692307692307, 2.2984615384615386, 510.61538461538464]]
The size of the final 5 clusters is [23, 16, 15, 22, 13]
!!!!!!!!!!!!!!!!!!!!
{0: [0, 1, 2, 12, 13, 16, 17, 23, 27, 42, 46, 50, 53, 54, 57, 59, 60, 63, 65, 66, 71, 77, 82], 1: [3, 4, 8, 18, 19, 29, 31, 33, 43, 51, 52, 55, 75, 76, 85, 86], 2: [5, 14, 39, 45, 49, 56, 58, 61, 67, 68, 74, 78, 79, 83, 88], 3: [6, 7, 21, 22, 24, 26, 28, 30, 34, 35, 37, 40, 41, 48, 62, 64, 69, 70, 72, 80, 84, 87], 4: [9, 10, 11, 15, 20, 25, 32, 36, 38, 44, 47, 73, 81]}
{2: [0, 1, 2, 12, 13, 16, 17, 20, 23, 27, 42, 46, 50, 53, 54, 57, 59, 60, 63, 65, 66, 71, 77, 82], 0: [3, 4, 5, 8, 14, 18, 19, 29, 31, 33, 39, 43, 45, 49, 51, 52, 55, 56, 58, 67, 68, 74, 75, 76, 78, 79, 83, 85, 86, 88], 1: [6, 7, 9, 10, 11, 15, 21, 22, 24, 25, 26, 28, 30, 32, 34, 35, 36, 37, 38, 40, 41, 44, 47, 48, 61, 62, 64, 69, 70, 72, 73, 80, 81, 84, 87]}
!!!!!!!!!!!!!!!!!!!!!!!
The rate of right guesses for class 1 is 95.83333333333334%
The rate of right guesses for class 2 is 53.333333333333336%
The rate of right guesses for class 3 is 2.857142857142857%

H:\AICourse\assignment1\assign1_to_submit\part1>